1	15
1	22
1	33
1	34
1	36
1	38
1	45
1	72
1	73
1	74
1	75
1	76
1	77
1	79
1	92
1	99
1	102
1	104
1	115
1	117
1	156
1	164
1	13
1	29
1	80
1	111
1	113
1	130
1	148
1	173
1	174
1	182
1	189
1	202
1	203
1	204
1	207
1	210
1	213
1	214
1	216
1	218
1	219
1	230
1	235
1	237
1	241
1	70
1	188
1	249
1	263
1	290
1	320
1	331
1	345
1	133
1	267
1	275
1	282
1	81
1	124
1	20
2	14
2	15
2	22
2	33
2	34
2	36
2	38
2	45
2	72
2	73
2	74
2	75
2	76
2	77
2	79
2	92
2	99
2	102
2	104
2	115
2	117
2	156
2	164
2	29
2	111
2	148
2	173
2	174
2	182
2	189
2	202
2	203
2	207
2	210
2	213
2	214
2	216
2	218
2	230
2	235
2	237
2	241
2	70
2	188
2	249
2	263
2	290
2	331
2	282
2	81
2	113
2	219
2	20
2	267
3	14
3	15
3	22
3	33
3	34
3	36
3	38
3	45
3	63
3	72
3	73
3	74
3	75
3	76
3	77
3	79
3	92
3	99
3	102
3	104
3	115
3	117
3	156
3	164
3	29
3	46
3	111
3	148
3	173
3	174
3	182
3	189
3	202
3	203
3	207
3	210
3	213
3	214
3	216
3	218
3	230
3	235
3	237
3	241
3	70
3	89
3	188
3	249
3	263
3	290
3	331
3	338
3	80
3	200
3	282
3	81
3	335
3	113
3	219
3	20
3	267
4	5
4	10
4	14
4	15
4	25
4	34
4	36
4	38
4	43
4	45
4	52
4	53
4	66
4	68
4	69
4	70
4	82
4	83
4	91
4	92
4	99
4	102
4	104
4	115
4	117
4	126
4	129
4	130
4	156
4	163
4	164
4	7
4	29
4	44
4	108
4	111
4	157
4	173
4	174
4	182
4	184
4	187
4	189
4	200
4	203
4	207
4	210
4	213
4	214
4	216
4	218
4	223
4	225
4	231
4	237
4	241
4	246
4	249
4	251
4	263
4	264
4	280
4	290
4	315
4	332
4	337
4	349
4	232
4	242
4	261
4	317
4	9
4	257
4	314
5	5
5	10
5	14
5	15
5	25
5	34
5	36
5	38
5	43
5	45
5	52
5	53
5	66
5	68
5	69
5	70
5	82
5	83
5	91
5	92
5	99
5	102
5	104
5	115
5	117
5	126
5	129
5	130
5	156
5	163
5	164
5	7
5	29
5	108
5	111
5	173
5	174
5	182
5	184
5	189
5	203
5	207
5	210
5	213
5	214
5	216
5	218
5	223
5	225
5	231
5	237
5	241
5	249
5	263
5	264
5	280
5	290
5	315
5	332
5	337
5	157
5	232
5	261
5	317
5	9
5	257
5	200
6	5
6	10
6	14
6	15
6	25
6	34
6	36
6	38
6	43
6	45
6	52
6	53
6	63
6	66
6	68
6	69
6	70
6	82
6	83
6	89
6	90
6	91
6	92
6	99
6	102
6	104
6	115
6	117
6	126
6	129
6	130
6	156
6	163
6	164
6	19
6	7
6	17
6	29
6	46
6	108
6	111
6	173
6	174
6	182
6	184
6	189
6	201
6	203
6	207
6	210
6	211
6	213
6	214
6	216
6	218
6	223
6	225
6	231
6	237
6	241
6	249
6	263
6	264
6	280
6	290
6	315
6	332
6	337
6	157
6	232
6	257
6	307
6	76
6	261
6	317
6	9
6	200
6	239
6	314
7	5
7	25
7	33
7	34
7	36
7	38
7	39
7	44
7	55
7	56
7	57
7	58
7	59
7	61
7	66
7	68
7	69
7	70
7	91
7	92
7	99
7	102
7	104
7	110
7	115
7	117
7	130
7	145
7	156
7	164
7	8
7	29
7	54
7	93
7	111
7	114
7	127
7	173
7	174
7	175
7	182
7	189
7	193
7	196
7	203
7	205
7	207
7	213
7	214
7	216
7	218
7	223
7	229
7	231
7	237
7	240
7	243
7	249
7	250
7	258
7	263
7	264
7	280
7	281
7	287
7	290
7	291
7	300
7	352
7	252
7	317
7	330
7	334
7	323
8	5
8	25
8	33
8	34
8	36
8	38
8	39
8	44
8	55
8	56
8	57
8	58
8	59
8	61
8	66
8	68
8	69
8	70
8	91
8	92
8	99
8	102
8	104
8	110
8	115
8	117
8	130
8	145
8	156
8	164
8	8
8	29
8	111
8	127
8	173
8	174
8	182
8	189
8	196
8	203
8	205
8	207
8	213
8	214
8	216
8	218
8	223
8	229
8	231
8	237
8	240
8	249
8	250
8	258
8	263
8	264
8	280
8	290
8	291
8	352
8	317
8	334
9	5
9	25
9	33
9	34
9	36
9	38
9	39
9	44
9	55
9	56
9	57
9	58
9	59
9	61
9	63
9	66
9	68
9	69
9	70
9	89
9	90
9	91
9	92
9	99
9	102
9	104
9	110
9	115
9	117
9	130
9	145
9	156
9	164
9	8
9	29
9	46
9	111
9	127
9	173
9	174
9	182
9	189
9	196
9	203
9	205
9	207
9	213
9	214
9	216
9	218
9	223
9	229
9	231
9	237
9	240
9	249
9	250
9	258
9	263
9	264
9	280
9	290
9	291
9	352
9	308
9	157
9	317
9	200
9	324
9	334
10	33
10	81
10	173
11	106
11	334
11	81
12	13
12	18
12	36
12	38
12	48
12	60
12	63
12	72
12	76
12	77
12	78
12	79
12	92
12	93
12	94
12	99
12	100
12	102
12	104
12	115
12	117
12	129
12	149
12	156
12	164
12	16
12	148
12	171
12	173
12	174
12	182
12	202
12	203
12	207
12	213
12	214
12	216
12	218
12	219
12	230
12	237
12	241
12	168
12	240
12	247
12	263
12	285
12	290
12	318
12	332
12	138
12	244
12	239
12	314
12	324
12	81
13	40
13	81
14	106
14	334
14	81
15	14
15	15
15	31
15	36
15	38
15	41
15	42
15	63
15	72
15	92
15	97
15	99
15	102
15	104
15	115
15	116
15	117
15	129
15	130
15	156
15	164
15	173
15	174
15	182
15	188
15	202
15	203
15	207
15	210
15	213
15	214
15	216
15	218
15	228
15	230
15	237
15	241
15	76
15	168
15	249
15	263
15	280
15	283
15	290
15	332
15	148
15	206
15	318
15	282
15	314
15	81
16	13
16	16
16	17
16	18
16	19
16	28
16	36
16	38
16	92
16	97
16	98
16	99
16	102
16	104
16	115
16	117
16	119
16	129
16	143
16	156
16	164
16	33
16	168
16	173
16	174
16	182
16	185
16	189
16	193
16	197
16	203
16	207
16	211
16	213
16	214
16	216
16	218
16	228
16	237
16	241
16	240
16	263
16	290
16	297
16	314
16	332
16	239
16	253
16	257
17	13
17	16
17	17
17	18
17	19
17	28
17	36
17	38
17	92
17	97
17	98
17	99
17	102
17	104
17	115
17	117
17	119
17	129
17	143
17	156
17	164
17	33
17	168
17	173
17	174
17	182
17	189
17	197
17	203
17	207
17	211
17	213
17	214
17	216
17	218
17	237
17	241
17	240
17	263
17	290
17	297
17	332
17	239
17	253
17	257
17	314
18	13
18	16
18	17
18	18
18	19
18	28
18	36
18	38
18	63
18	92
18	97
18	98
18	99
18	102
18	104
18	115
18	117
18	119
18	129
18	143
18	156
18	164
18	33
18	168
18	173
18	174
18	182
18	189
18	197
18	203
18	207
18	211
18	213
18	214
18	216
18	218
18	237
18	241
18	240
18	263
18	290
18	297
18	332
18	239
18	253
18	257
18	314
19	33
19	34
19	36
19	38
19	39
19	55
19	59
19	61
19	85
19	87
19	91
19	92
19	98
19	99
19	102
19	104
19	116
19	117
19	129
19	130
19	156
19	158
19	162
19	164
19	29
19	44
19	68
19	103
19	111
19	154
19	168
19	172
19	173
19	174
19	179
19	182
19	189
19	196
19	203
19	207
19	213
19	214
19	216
19	218
19	228
19	231
19	237
19	241
19	247
19	249
19	15
19	58
19	240
19	253
19	263
19	269
19	283
19	290
19	351
19	86
19	242
19	279
19	343
20	33
20	34
20	36
20	38
20	39
20	55
20	58
20	59
20	61
20	63
20	85
20	87
20	91
20	92
20	98
20	99
20	102
20	104
20	116
20	117
20	129
20	130
20	156
20	158
20	162
20	164
20	15
20	29
20	46
20	70
20	111
20	168
20	173
20	174
20	182
20	184
20	189
20	196
20	203
20	207
20	213
20	214
20	216
20	218
20	228
20	231
20	237
20	241
20	247
20	249
20	240
20	263
20	269
20	283
20	290
20	351
20	68
20	86
20	14
20	44
20	242
20	253
20	343
21	13
21	18
21	19
21	31
21	36
21	38
21	43
21	45
21	64
21	65
21	92
21	97
21	99
21	102
21	104
21	117
21	119
21	129
21	143
21	156
21	164
21	98
21	161
21	168
21	173
21	174
21	182
21	184
21	185
21	189
21	197
21	203
21	206
21	207
21	211
21	213
21	214
21	216
21	218
21	228
21	237
21	241
21	240
21	263
21	290
21	310
21	332
21	253
21	239
21	257
21	314
21	297
22	13
22	18
22	19
22	31
22	36
22	38
22	43
22	45
22	63
22	64
22	65
22	92
22	97
22	99
22	102
22	104
22	117
22	119
22	129
22	143
22	156
22	164
22	168
22	173
22	174
22	182
22	189
22	197
22	203
22	207
22	211
22	213
22	214
22	216
22	218
22	228
22	237
22	241
22	240
22	263
22	290
22	332
22	239
22	257
22	314
22	206
22	253
23	34
23	35
23	36
23	38
23	40
23	43
23	44
23	51
23	70
23	72
23	89
23	90
23	91
23	92
23	99
23	102
23	103
23	104
23	117
23	130
23	137
23	156
23	157
23	164
23	21
23	29
23	114
23	168
23	173
23	174
23	180
23	182
23	188
23	202
23	203
23	207
23	213
23	214
23	216
23	218
23	228
23	237
23	241
23	251
23	242
23	231
23	240
23	254
23	255
23	256
23	259
23	263
23	289
23	290
23	305
23	50
23	184
23	317
23	342
23	20
24	34
24	35
24	36
24	38
24	40
24	43
24	44
24	51
24	63
24	70
24	72
24	89
24	90
24	91
24	92
24	99
24	102
24	103
24	104
24	117
24	130
24	137
24	156
24	157
24	164
24	29
24	114
24	168
24	173
24	174
24	182
24	188
24	202
24	203
24	207
24	213
24	214
24	216
24	218
24	237
24	241
24	231
24	240
24	254
24	255
24	256
24	259
24	263
24	289
24	290
24	242
24	317
24	180
24	20
25	5
25	6
25	25
25	34
25	36
25	38
25	45
25	57
25	66
25	69
25	84
25	85
25	86
25	87
25	92
25	97
25	98
25	99
25	102
25	104
25	115
25	117
25	129
25	130
25	148
25	156
25	164
25	21
25	39
25	113
25	9
25	29
25	70
25	111
25	173
25	174
25	182
25	189
25	192
25	197
25	203
25	205
25	207
25	213
25	214
25	216
25	218
25	223
25	231
25	237
25	240
25	91
25	249
25	263
25	264
25	280
25	290
25	351
25	68
25	270
25	282
25	324
25	343
26	5
26	6
26	25
26	34
26	36
26	38
26	45
26	63
26	66
26	69
26	84
26	85
26	86
26	87
26	92
26	99
26	102
26	104
26	115
26	117
26	129
26	130
26	148
26	156
26	164
26	9
26	29
26	39
26	70
26	98
26	111
26	168
26	173
26	174
26	182
26	189
26	192
26	197
26	203
26	205
26	207
26	213
26	214
26	216
26	218
26	223
26	231
26	237
26	240
26	91
26	113
26	249
26	263
26	264
26	280
26	290
26	351
26	68
26	270
26	282
26	324
26	343
27	10
27	14
27	15
27	28
27	34
27	36
27	38
27	40
27	66
27	69
27	70
27	89
27	90
27	91
27	92
27	99
27	102
27	104
27	117
27	129
27	130
27	154
27	156
27	157
27	163
27	164
27	29
27	68
27	111
27	168
27	173
27	174
27	175
27	182
27	189
27	197
27	201
27	203
27	205
27	207
27	210
27	213
27	214
27	216
27	218
27	219
27	223
27	229
27	231
27	237
27	241
27	249
27	232
27	263
27	264
27	280
27	290
27	306
27	317
27	328
27	332
27	282
27	162
27	341
27	222
27	343
28	10
28	14
28	15
28	28
28	34
28	36
28	38
28	40
28	63
28	66
28	69
28	70
28	89
28	90
28	91
28	92
28	99
28	102
28	104
28	117
28	129
28	130
28	154
28	156
28	157
28	163
28	164
28	29
28	111
28	168
28	173
28	174
28	182
28	189
28	197
28	201
28	203
28	205
28	207
28	210
28	213
28	214
28	216
28	218
28	223
28	231
28	237
28	241
28	249
28	263
28	264
28	280
28	290
28	317
28	328
28	332
28	68
28	229
28	306
28	282
28	162
28	219
28	222
28	343
29	10
29	24
29	33
29	34
29	36
29	38
29	39
29	40
29	44
29	45
29	59
29	85
29	87
29	92
29	99
29	102
29	104
29	115
29	117
29	130
29	154
29	156
29	164
29	29
29	48
29	50
29	68
29	111
29	116
29	168
29	173
29	174
29	182
29	189
29	197
29	203
29	204
29	207
29	213
29	214
29	216
29	218
29	231
29	237
29	240
29	241
29	251
29	15
29	58
29	70
29	91
29	188
29	242
29	249
29	260
29	263
29	270
29	290
29	332
29	351
29	352
29	228
29	305
29	162
29	342
30	10
30	24
30	32
30	33
30	34
30	36
30	38
30	39
30	40
30	44
30	45
30	55
30	58
30	59
30	61
30	85
30	87
30	92
30	99
30	102
30	104
30	115
30	117
30	130
30	154
30	156
30	164
30	29
30	70
30	111
30	168
30	173
30	174
30	182
30	189
30	197
30	203
30	207
30	213
30	214
30	216
30	218
30	231
30	237
30	240
30	241
30	249
30	15
30	91
30	188
30	242
30	260
30	263
30	270
30	290
30	332
30	351
30	352
30	68
30	305
30	162
31	5
31	6
31	10
31	25
31	32
31	33
31	34
31	36
31	38
31	39
31	40
31	55
31	57
31	58
31	59
31	61
31	63
31	66
31	68
31	69
31	70
31	85
31	87
31	89
31	90
31	92
31	99
31	102
31	104
31	115
31	117
31	126
31	130
31	156
31	157
31	164
31	24
31	7
31	8
31	9
31	29
31	46
31	111
31	168
31	173
31	174
31	182
31	189
31	196
31	197
31	201
31	203
31	207
31	210
31	213
31	214
31	216
31	218
31	223
31	231
31	237
31	240
31	241
31	247
31	249
31	53
31	15
31	91
31	188
31	259
31	263
31	264
31	269
31	280
31	290
31	317
31	332
31	351
31	352
31	276
31	200
31	253
31	270
31	162
31	250
32	24
32	30
32	31
32	32
32	33
32	34
32	36
32	38
32	40
32	43
32	59
32	85
32	87
32	92
32	99
32	102
32	104
32	115
32	116
32	117
32	130
32	156
32	164
32	29
32	48
32	50
32	68
32	93
32	111
32	133
32	168
32	173
32	174
32	182
32	189
32	197
32	203
32	207
32	213
32	214
32	216
32	218
32	231
32	237
32	240
32	241
32	251
32	15
32	58
32	64
32	70
32	91
32	188
32	249
32	260
32	263
32	270
32	290
32	351
32	352
32	162
32	342
33	24
33	30
33	31
33	32
33	33
33	34
33	36
33	38
33	40
33	43
33	55
33	58
33	59
33	61
33	85
33	87
33	92
33	99
33	102
33	104
33	115
33	116
33	117
33	130
33	156
33	164
33	29
33	70
33	111
33	168
33	173
33	174
33	182
33	189
33	197
33	203
33	207
33	213
33	214
33	216
33	218
33	231
33	237
33	240
33	241
33	249
33	15
33	64
33	91
33	188
33	260
33	263
33	270
33	290
33	351
33	352
33	68
33	162
34	5
34	6
34	25
34	30
34	32
34	33
34	34
34	36
34	37
34	38
34	40
34	55
34	57
34	58
34	59
34	61
34	63
34	66
34	68
34	69
34	70
34	85
34	87
34	89
34	90
34	92
34	99
34	102
34	104
34	115
34	117
34	126
34	130
34	156
34	157
34	164
34	24
34	7
34	8
34	9
34	29
34	46
34	111
34	168
34	173
34	174
34	182
34	189
34	196
34	197
34	201
34	203
34	207
34	210
34	213
34	214
34	216
34	218
34	223
34	231
34	237
34	240
34	241
34	247
34	249
34	53
34	15
34	64
34	91
34	116
34	188
34	259
34	263
34	264
34	269
34	280
34	290
34	317
34	351
34	352
34	224
34	200
34	253
34	270
34	276
34	162
34	250
35	1
35	3
35	5
35	25
35	34
35	36
35	38
35	45
35	47
35	55
35	58
35	59
35	61
35	66
35	68
35	69
35	70
35	76
35	85
35	86
35	87
35	92
35	94
35	99
35	100
35	102
35	104
35	107
35	111
35	113
35	115
35	117
35	118
35	126
35	130
35	148
35	149
35	156
35	161
35	164
35	7
35	8
35	9
35	29
35	138
35	171
35	173
35	174
35	182
35	189
35	192
35	197
35	203
35	205
35	207
35	213
35	214
35	216
35	218
35	223
35	227
35	231
35	236
35	237
35	240
35	241
35	244
35	247
35	53
35	91
35	219
35	263
35	264
35	266
35	280
35	289
35	290
35	309
35	322
35	347
35	351
35	352
35	135
35	249
35	278
35	196
35	270
35	271
35	282
35	283
35	324
35	340
35	215
35	272
35	277
35	304
35	343
36	3
36	5
36	25
36	34
36	36
36	38
36	47
36	55
36	58
36	59
36	61
36	63
36	66
36	68
36	69
36	70
36	76
36	85
36	86
36	87
36	92
36	94
36	99
36	100
36	102
36	104
36	107
36	115
36	117
36	118
36	126
36	130
36	148
36	149
36	156
36	161
36	164
36	7
36	8
36	9
36	29
36	111
36	138
36	171
36	173
36	174
36	182
36	189
36	192
36	197
36	203
36	205
36	207
36	213
36	214
36	216
36	218
36	223
36	231
36	236
36	237
36	240
36	241
36	244
36	247
36	53
36	91
36	113
36	219
36	263
36	264
36	280
36	289
36	290
36	347
36	351
36	352
36	135
36	249
36	278
36	196
36	270
36	271
36	282
36	283
36	324
36	340
36	215
36	272
36	277
36	304
36	343
37	34
37	36
37	38
37	39
37	46
37	52
37	53
37	83
37	91
37	92
37	98
37	99
37	102
37	104
37	109
37	115
37	117
37	126
37	129
37	130
37	156
37	164
37	29
37	50
37	95
37	173
37	174
37	175
37	180
37	182
37	185
37	203
37	207
37	213
37	214
37	216
37	218
37	219
37	231
37	237
37	241
37	244
37	257
37	261
37	263
37	286
37	288
37	290
37	315
37	336
37	326
37	220
37	272
37	343
38	34
38	36
38	38
38	39
38	46
38	52
38	63
38	91
38	92
38	98
38	99
38	102
38	104
38	115
38	117
38	126
38	129
38	130
38	156
38	164
38	29
38	83
38	109
38	173
38	174
38	182
38	203
38	207
38	213
38	214
38	216
38	218
38	219
38	231
38	237
38	241
38	53
38	263
38	290
38	315
38	76
38	138
38	244
38	261
38	347
38	180
38	257
38	220
38	272
38	343
38	286
39	1
39	3
39	5
39	25
39	34
39	36
39	38
39	47
39	50
39	55
39	58
39	59
39	61
39	66
39	68
39	69
39	70
39	76
39	85
39	86
39	87
39	92
39	94
39	99
39	100
39	102
39	104
39	111
39	115
39	117
39	126
39	130
39	148
39	149
39	156
39	161
39	164
39	7
39	8
39	9
39	29
39	138
39	171
39	173
39	174
39	182
39	189
39	192
39	197
39	203
39	205
39	207
39	213
39	214
39	216
39	218
39	223
39	237
39	240
39	241
39	244
39	247
39	53
39	91
39	113
39	219
39	263
39	264
39	280
39	289
39	290
39	304
39	351
39	352
39	278
39	196
39	270
39	282
39	283
39	340
39	215
39	220
39	272
39	277
39	343
40	3
40	5
40	25
40	34
40	36
40	38
40	47
40	50
40	55
40	58
40	59
40	61
40	63
40	66
40	68
40	69
40	70
40	76
40	85
40	86
40	87
40	92
40	94
40	99
40	100
40	102
40	104
40	111
40	115
40	117
40	126
40	130
40	148
40	149
40	156
40	161
40	164
40	7
40	8
40	9
40	29
40	138
40	171
40	173
40	174
40	182
40	189
40	192
40	197
40	203
40	205
40	207
40	213
40	214
40	216
40	218
40	223
40	237
40	240
40	241
40	244
40	247
40	53
40	91
40	113
40	219
40	263
40	264
40	280
40	289
40	290
40	351
40	352
40	278
40	196
40	270
40	282
40	283
40	340
40	215
40	220
40	272
40	277
40	304
40	343
41	13
41	17
41	18
41	36
41	38
41	44
41	48
41	72
41	92
41	99
41	102
41	104
41	109
41	114
41	117
41	129
41	141
41	156
41	164
41	16
41	98
41	168
41	173
41	174
41	182
41	185
41	197
41	202
41	203
41	207
41	211
41	212
41	213
41	214
41	216
41	218
41	228
41	237
41	241
41	188
41	240
41	247
41	259
41	263
41	269
41	289
41	290
41	305
41	310
41	314
41	332
41	19
41	95
41	239
41	253
41	257
41	162
42	13
42	17
42	18
42	36
42	38
42	44
42	48
42	63
42	72
42	92
42	99
42	102
42	103
42	104
42	109
42	114
42	117
42	129
42	141
42	156
42	164
42	168
42	173
42	174
42	182
42	197
42	202
42	203
42	207
42	211
42	212
42	213
42	214
42	216
42	218
42	237
42	241
42	188
42	240
42	247
42	259
42	263
42	269
42	289
42	290
42	305
42	310
42	314
42	332
42	19
42	239
42	253
42	257
42	162
43	14
43	15
43	36
43	38
43	51
43	71
43	72
43	76
43	77
43	78
43	79
43	80
43	92
43	99
43	102
43	104
43	115
43	117
43	156
43	164
43	75
43	148
43	173
43	174
43	175
43	182
43	188
43	202
43	203
43	204
43	207
43	213
43	214
43	216
43	218
43	230
43	235
43	236
43	237
43	241
43	263
43	275
43	290
43	331
43	321
43	298
43	267
44	14
44	15
44	36
44	38
44	51
44	71
44	72
44	76
44	77
44	78
44	79
44	80
44	92
44	99
44	102
44	104
44	115
44	117
44	156
44	164
44	148
44	173
44	174
44	182
44	188
44	202
44	203
44	207
44	213
44	214
44	216
44	218
44	230
44	236
44	237
44	241
44	263
44	290
44	331
44	235
44	267
45	14
45	15
45	34
45	36
45	38
45	51
45	63
45	72
45	76
45	77
45	78
45	79
45	80
45	92
45	99
45	102
45	104
45	115
45	117
45	156
45	164
45	71
45	148
45	173
45	174
45	182
45	188
45	202
45	203
45	207
45	213
45	214
45	216
45	218
45	230
45	237
45	241
45	263
45	290
45	312
45	331
45	235
45	219
45	267
46	10
46	14
46	15
46	34
46	36
46	38
46	72
46	74
46	76
46	78
46	91
46	92
46	99
46	102
46	104
46	115
46	117
46	130
46	141
46	147
46	156
46	163
46	164
46	60
46	68
46	77
46	103
46	113
46	148
46	168
46	173
46	174
46	175
46	182
46	188
46	202
46	203
46	206
46	207
46	210
46	213
46	214
46	216
46	218
46	228
46	230
46	237
46	241
46	249
46	263
46	290
46	312
46	331
46	332
46	232
46	280
46	235
46	282
46	81
46	97
46	73
46	267
47	10
47	14
47	15
47	34
47	36
47	38
47	63
47	72
47	74
47	76
47	78
47	91
47	92
47	99
47	102
47	104
47	115
47	117
47	130
47	141
47	147
47	156
47	163
47	164
47	77
47	148
47	168
47	173
47	174
47	182
47	188
47	202
47	203
47	207
47	210
47	213
47	214
47	216
47	218
47	230
47	237
47	241
47	249
47	263
47	290
47	312
47	331
47	332
47	68
47	206
47	280
47	235
47	282
47	81
47	113
47	267
48	33
48	36
48	38
48	50
48	60
48	72
48	76
48	77
48	78
48	79
48	92
48	94
48	99
48	102
48	104
48	115
48	117
48	141
48	149
48	156
48	164
48	48
48	93
48	148
48	103
48	129
48	168
48	173
48	174
48	182
48	188
48	193
48	202
48	203
48	207
48	213
48	214
48	216
48	218
48	226
48	230
48	237
48	241
48	263
48	285
48	290
48	324
48	97
48	234
48	305
48	81
49	13
49	18
49	33
49	36
49	38
49	50
49	60
49	63
49	72
49	76
49	77
49	78
49	79
49	92
49	94
49	99
49	100
49	102
49	104
49	115
49	117
49	129
49	141
49	149
49	156
49	164
49	48
49	93
49	148
49	16
49	168
49	173
49	174
49	182
49	188
49	193
49	202
49	203
49	207
49	213
49	214
49	216
49	218
49	230
49	237
49	241
49	263
49	285
49	290
49	318
49	332
49	305
49	324
49	239
49	314
49	81
50	10
50	28
50	34
50	36
50	38
50	45
50	89
50	90
50	91
50	92
50	99
50	102
50	104
50	117
50	156
50	157
50	163
50	164
50	15
50	103
50	168
50	173
50	174
50	182
50	185
50	188
50	189
50	203
50	207
50	213
50	214
50	216
50	218
50	222
50	228
50	237
50	241
50	246
50	249
50	251
50	253
50	263
50	290
50	317
50	332
50	154
50	201
50	310
50	179
50	29
50	262
51	10
51	28
51	34
51	36
51	38
51	45
51	63
51	89
51	90
51	91
51	92
51	99
51	102
51	104
51	117
51	156
51	157
51	163
51	164
51	15
51	168
51	173
51	174
51	182
51	188
51	189
51	203
51	207
51	213
51	214
51	216
51	218
51	222
51	237
51	241
51	249
51	161
51	263
51	290
51	317
51	328
51	332
51	154
51	201
51	310
51	253
52	6
52	10
52	34
52	36
52	38
52	44
52	45
52	55
52	61
52	85
52	87
52	92
52	99
52	102
52	103
52	104
52	117
52	129
52	130
52	154
52	156
52	163
52	164
52	29
52	95
52	111
52	133
52	138
52	168
52	171
52	173
52	174
52	180
52	182
52	185
52	189
52	192
52	196
52	197
52	203
52	204
52	207
52	213
52	214
52	216
52	218
52	231
52	237
52	241
52	244
52	247
52	15
52	91
52	148
52	240
52	252
52	259
52	263
52	269
52	274
52	289
52	290
52	332
52	351
52	352
52	175
52	316
52	253
52	282
52	39
52	304
52	343
53	6
53	10
53	34
53	36
53	38
53	44
53	45
53	55
53	61
53	63
53	85
53	87
53	92
53	99
53	102
53	103
53	104
53	117
53	129
53	130
53	154
53	156
53	163
53	164
53	29
53	46
53	111
53	138
53	168
53	171
53	173
53	174
53	182
53	185
53	189
53	192
53	196
53	197
53	203
53	207
53	213
53	214
53	216
53	218
53	231
53	237
53	241
53	244
53	247
53	15
53	91
53	148
53	240
53	252
53	259
53	263
53	269
53	289
53	290
53	332
53	351
53	352
53	180
53	253
53	282
53	304
53	343
54	5
54	6
54	10
54	25
54	34
54	36
54	38
54	39
54	50
54	55
54	56
54	57
54	58
54	59
54	61
54	66
54	68
54	69
54	70
54	91
54	92
54	93
54	99
54	102
54	104
54	117
54	129
54	130
54	154
54	156
54	164
54	8
54	29
54	60
54	94
54	95
54	103
54	113
54	127
54	148
54	173
54	174
54	182
54	189
54	193
54	196
54	203
54	207
54	213
54	214
54	216
54	218
54	223
54	231
54	237
54	240
54	244
54	248
54	249
54	250
54	238
54	258
54	263
54	264
54	280
54	287
54	290
54	291
54	332
54	346
54	347
54	352
54	109
54	133
54	281
54	324
54	227
54	272
55	5
55	6
55	10
55	25
55	34
55	36
55	38
55	39
55	50
55	55
55	56
55	57
55	58
55	59
55	61
55	63
55	66
55	68
55	69
55	70
55	91
55	92
55	93
55	99
55	102
55	104
55	117
55	129
55	130
55	154
55	156
55	164
55	8
55	29
55	103
55	127
55	148
55	173
55	174
55	182
55	189
55	196
55	203
55	207
55	210
55	213
55	214
55	216
55	218
55	223
55	231
55	237
55	240
55	244
55	249
55	250
55	258
55	263
55	264
55	280
55	290
55	291
55	332
55	346
55	347
55	352
55	94
55	133
55	324
55	67
55	272
55	113
56	2
56	5
56	6
56	10
56	25
56	34
56	36
56	37
56	38
56	43
56	66
56	68
56	69
56	70
56	85
56	87
56	91
56	92
56	99
56	102
56	104
56	116
56	117
56	118
56	129
56	130
56	154
56	156
56	157
56	164
56	67
56	103
56	7
56	8
56	9
56	29
56	96
56	111
56	168
56	173
56	174
56	179
56	182
56	189
56	193
56	197
56	203
56	207
56	213
56	214
56	216
56	218
56	223
56	231
56	237
56	238
56	241
56	244
56	249
56	251
56	89
56	240
56	263
56	264
56	265
56	269
56	279
56	280
56	290
56	315
56	317
56	332
56	339
56	343
56	180
56	200
56	253
56	270
56	283
56	227
56	272
57	2
57	5
57	6
57	10
57	25
57	34
57	36
57	37
57	38
57	43
57	63
57	66
57	68
57	69
57	70
57	85
57	87
57	91
57	92
57	99
57	102
57	104
57	116
57	117
57	118
57	129
57	130
57	154
57	156
57	157
57	164
57	67
57	103
57	7
57	8
57	9
57	29
57	111
57	168
57	173
57	174
57	182
57	189
57	197
57	203
57	207
57	213
57	214
57	216
57	218
57	223
57	231
57	237
57	238
57	241
57	244
57	249
57	89
57	240
57	263
57	264
57	269
57	280
57	290
57	315
57	317
57	332
57	339
57	180
57	200
57	253
57	270
57	283
57	272
57	343
58	34
58	36
58	38
58	43
58	44
58	46
58	52
58	53
58	82
58	91
58	92
58	97
58	99
58	102
58	104
58	115
58	117
58	126
58	129
58	130
58	156
58	164
58	29
58	37
58	83
58	172
58	173
58	174
58	182
58	203
58	207
58	213
58	214
58	216
58	218
58	219
58	225
58	231
58	237
58	241
58	242
58	249
58	70
58	168
58	257
58	263
58	270
58	290
58	315
58	316
58	332
58	336
58	179
58	261
58	189
58	234
58	24
58	343
58	200
59	34
59	36
59	38
59	43
59	46
59	52
59	63
59	82
59	91
59	92
59	99
59	100
59	102
59	104
59	115
59	117
59	126
59	129
59	130
59	156
59	164
59	29
59	172
59	173
59	174
59	182
59	203
59	207
59	213
59	214
59	216
59	218
59	225
59	231
59	237
59	241
59	245
59	249
59	53
59	44
59	70
59	168
59	263
59	290
59	315
59	316
59	332
59	76
59	261
59	189
59	257
59	270
59	219
59	200
59	343
60	3
60	34
60	36
60	38
60	55
60	56
60	57
60	58
60	59
60	61
60	92
60	94
60	95
60	99
60	102
60	104
60	117
60	130
60	133
60	145
60	149
60	156
60	164
60	29
60	54
60	111
60	114
60	127
60	150
60	168
60	170
60	173
60	174
60	182
60	187
60	196
60	203
60	207
60	213
60	214
60	216
60	218
60	237
60	240
60	250
60	91
60	258
60	263
60	290
60	291
60	301
60	346
60	352
60	283
60	287
60	341
60	270
60	227
61	3
61	5
61	25
61	34
61	36
61	38
61	55
61	56
61	57
61	58
61	59
61	61
61	66
61	68
61	69
61	70
61	89
61	90
61	92
61	94
61	95
61	99
61	102
61	104
61	117
61	118
61	130
61	133
61	145
61	149
61	156
61	164
61	8
61	29
61	111
61	127
61	168
61	173
61	174
61	182
61	187
61	189
61	196
61	197
61	203
61	207
61	213
61	214
61	216
61	218
61	237
61	240
61	249
61	250
61	91
61	258
61	263
61	264
61	280
61	290
61	291
61	352
61	341
61	346
61	270
61	283
62	3
62	5
62	25
62	34
62	36
62	38
62	55
62	57
62	58
62	59
62	61
62	63
62	66
62	68
62	69
62	70
62	89
62	90
62	92
62	94
62	95
62	99
62	102
62	104
62	117
62	118
62	130
62	149
62	156
62	164
62	8
62	29
62	111
62	127
62	168
62	170
62	173
62	174
62	182
62	189
62	196
62	197
62	203
62	207
62	213
62	214
62	216
62	218
62	223
62	237
62	240
62	249
62	250
62	91
62	258
62	263
62	264
62	280
62	290
62	291
62	317
62	339
62	352
62	157
62	270
62	283
63	5
63	25
63	34
63	36
63	38
63	66
63	68
63	69
63	86
63	92
63	94
63	99
63	100
63	102
63	104
63	115
63	117
63	118
63	130
63	148
63	149
63	156
63	161
63	164
63	7
63	8
63	9
63	29
63	112
63	113
63	138
63	168
63	171
63	173
63	174
63	182
63	192
63	203
63	207
63	213
63	214
63	216
63	218
63	223
63	227
63	237
63	240
63	241
63	244
63	247
63	219
63	231
63	259
63	263
63	264
63	269
63	282
63	285
63	289
63	290
63	347
63	351
63	278
63	271
63	324
63	272
63	277
64	5
64	25
64	34
64	36
64	38
64	50
64	60
64	66
64	68
64	69
64	86
64	91
64	92
64	93
64	94
64	99
64	100
64	102
64	104
64	105
64	115
64	117
64	118
64	130
64	148
64	149
64	156
64	161
64	164
64	134
64	7
64	8
64	9
64	29
64	138
64	168
64	171
64	173
64	174
64	182
64	192
64	203
64	207
64	213
64	214
64	216
64	218
64	223
64	237
64	240
64	241
64	244
64	247
64	248
64	113
64	219
64	231
64	259
64	263
64	264
64	269
64	271
64	272
64	285
64	289
64	290
64	347
64	351
64	278
64	282
64	324
64	277
65	5
65	25
65	34
65	36
65	38
65	50
65	60
65	63
65	66
65	68
65	69
65	86
65	91
65	92
65	93
65	94
65	99
65	100
65	102
65	104
65	105
65	115
65	117
65	118
65	130
65	148
65	149
65	156
65	161
65	164
65	134
65	7
65	8
65	9
65	29
65	138
65	168
65	171
65	173
65	174
65	182
65	192
65	203
65	207
65	213
65	214
65	216
65	218
65	223
65	237
65	240
65	241
65	244
65	247
65	248
65	113
65	219
65	231
65	259
65	263
65	264
65	269
65	271
65	285
65	289
65	290
65	347
65	351
65	278
65	282
65	324
65	272
65	277
66	2
66	5
66	25
66	34
66	36
66	38
66	43
66	66
66	67
66	68
66	69
66	70
66	89
66	90
66	91
66	92
66	99
66	102
66	104
66	116
66	117
66	118
66	126
66	130
66	156
66	157
66	164
66	7
66	8
66	9
66	27
66	29
66	96
66	113
66	168
66	173
66	174
66	182
66	184
66	189
66	193
66	197
66	203
66	207
66	213
66	214
66	216
66	218
66	223
66	227
66	233
66	237
66	238
66	241
66	249
66	53
66	240
66	263
66	264
66	265
66	279
66	280
66	290
66	317
66	339
66	270
66	276
66	272
66	282
66	321
67	2
67	5
67	25
67	34
67	36
67	38
67	43
67	66
67	67
67	68
67	69
67	70
67	89
67	90
67	91
67	92
67	99
67	102
67	104
67	116
67	117
67	118
67	126
67	130
67	156
67	157
67	164
67	7
67	8
67	9
67	29
67	168
67	173
67	174
67	182
67	184
67	189
67	193
67	197
67	203
67	207
67	213
67	214
67	216
67	218
67	223
67	233
67	237
67	238
67	241
67	249
67	53
67	240
67	263
67	264
67	279
67	280
67	290
67	317
67	339
67	270
67	276
67	272
67	113
67	282
68	2
68	5
68	25
68	34
68	36
68	38
68	43
68	63
68	66
68	67
68	68
68	69
68	70
68	89
68	90
68	91
68	92
68	99
68	102
68	104
68	116
68	117
68	118
68	126
68	130
68	156
68	157
68	164
68	7
68	8
68	9
68	29
68	168
68	173
68	174
68	182
68	184
68	189
68	193
68	197
68	203
68	207
68	213
68	214
68	216
68	218
68	223
68	233
68	237
68	238
68	241
68	249
68	53
68	240
68	263
68	264
68	279
68	280
68	290
68	317
68	339
68	270
68	276
68	272
68	113
68	282
69	14
69	15
69	21
69	22
69	35
69	36
69	38
69	51
69	72
69	74
69	75
69	76
69	77
69	78
69	79
69	92
69	99
69	102
69	104
69	115
69	117
69	156
69	164
69	141
69	148
69	173
69	174
69	182
69	188
69	202
69	203
69	207
69	213
69	214
69	216
69	218
69	227
69	230
69	235
69	237
69	241
69	168
69	263
69	275
69	290
69	331
69	345
69	282
69	321
69	311
69	20
69	267
70	14
70	15
70	21
70	22
70	35
70	36
70	38
70	51
70	72
70	74
70	75
70	76
70	77
70	78
70	79
70	92
70	99
70	102
70	104
70	115
70	117
70	156
70	164
70	148
70	173
70	174
70	182
70	188
70	202
70	203
70	207
70	213
70	214
70	216
70	218
70	230
70	237
70	241
70	168
70	263
70	290
70	331
70	282
70	235
70	20
70	267
71	14
71	15
71	34
71	35
71	36
71	38
71	51
71	63
71	72
71	75
71	76
71	77
71	78
71	79
71	92
71	99
71	102
71	104
71	115
71	117
71	156
71	164
71	22
71	148
71	173
71	174
71	182
71	188
71	202
71	203
71	207
71	213
71	214
71	216
71	218
71	230
71	237
71	241
71	168
71	263
71	290
71	331
71	254
71	255
71	256
71	235
71	282
71	348
71	20
71	267
72	14
72	15
72	35
72	36
72	38
72	40
72	48
72	51
72	55
72	56
72	57
72	58
72	59
72	61
72	72
72	92
72	99
72	102
72	103
72	104
72	112
72	115
72	117
72	130
72	132
72	156
72	164
72	62
72	114
72	173
72	174
72	182
72	188
72	196
72	202
72	203
72	207
72	213
72	214
72	216
72	218
72	219
72	229
72	237
72	240
72	243
72	250
72	109
72	127
72	168
72	258
72	263
72	290
72	291
72	352
72	282
72	277
72	330
72	145
72	321
72	20
73	14
73	15
73	35
73	36
73	38
73	40
73	48
73	51
73	55
73	56
73	57
73	58
73	59
73	61
73	63
73	72
73	92
73	99
73	102
73	103
73	104
73	112
73	115
73	117
73	130
73	132
73	156
73	164
73	173
73	174
73	182
73	188
73	196
73	202
73	203
73	207
73	213
73	214
73	216
73	218
73	237
73	240
73	250
73	127
73	168
73	258
73	263
73	290
73	291
73	352
73	282
73	277
73	219
73	20
74	5
74	33
74	34
74	36
74	38
74	66
74	68
74	69
74	70
74	88
74	89
74	90
74	91
74	92
74	99
74	102
74	104
74	106
74	111
74	117
74	118
74	120
74	126
74	153
74	156
74	157
74	164
74	7
74	29
74	173
74	174
74	182
74	189
74	201
74	203
74	205
74	207
74	213
74	214
74	216
74	218
74	222
74	223
74	237
74	241
74	249
74	53
74	263
74	264
74	280
74	290
74	300
74	317
74	335
74	350
74	175
74	9
74	246
74	276
74	334
74	267
75	5
75	33
75	34
75	36
75	38
75	66
75	68
75	69
75	70
75	88
75	89
75	90
75	91
75	92
75	99
75	102
75	104
75	106
75	111
75	117
75	118
75	120
75	126
75	153
75	156
75	157
75	164
75	7
75	29
75	173
75	174
75	182
75	189
75	201
75	203
75	205
75	207
75	213
75	214
75	216
75	218
75	222
75	223
75	237
75	241
75	249
75	53
75	263
75	264
75	280
75	290
75	300
75	317
75	350
75	9
75	246
75	276
75	335
75	334
75	267
76	5
76	25
76	33
76	34
76	36
76	38
76	63
76	66
76	68
76	69
76	70
76	88
76	89
76	90
76	91
76	92
76	99
76	102
76	104
76	106
76	111
76	117
76	118
76	120
76	126
76	153
76	156
76	157
76	164
76	7
76	29
76	46
76	173
76	174
76	182
76	189
76	201
76	203
76	205
76	207
76	210
76	213
76	214
76	216
76	218
76	222
76	223
76	237
76	241
76	249
76	53
76	263
76	264
76	280
76	290
76	300
76	317
76	350
76	9
76	246
76	276
76	335
76	334
76	267
77	23
77	32
77	34
77	36
77	38
77	39
77	45
77	52
77	83
77	92
77	97
77	99
77	102
77	104
77	115
77	117
77	126
77	129
77	130
77	156
77	164
77	24
77	29
77	33
77	37
77	95
77	98
77	172
77	173
77	174
77	182
77	203
77	204
77	207
77	213
77	214
77	216
77	218
77	231
77	237
77	241
77	53
77	70
77	76
77	263
77	290
77	315
77	340
77	261
77	257
77	234
77	67
78	23
78	32
78	34
78	36
78	38
78	39
78	45
78	52
78	63
78	83
78	92
78	97
78	99
78	102
78	104
78	115
78	117
78	126
78	129
78	130
78	156
78	164
78	29
78	31
78	33
78	173
78	174
78	182
78	203
78	207
78	213
78	214
78	216
78	218
78	231
78	237
78	241
78	53
78	70
78	76
78	263
78	290
78	315
78	340
78	98
78	224
78	261
78	172
78	257
78	67
79	6
79	29
79	34
79	36
79	38
79	45
79	50
79	55
79	57
79	58
79	59
79	61
79	70
79	86
79	89
79	90
79	91
79	92
79	93
79	94
79	99
79	100
79	102
79	104
79	115
79	117
79	126
79	129
79	130
79	133
79	148
79	149
79	156
79	161
79	164
79	23
79	33
79	138
79	171
79	173
79	174
79	182
79	187
79	189
79	192
79	196
79	203
79	207
79	213
79	214
79	216
79	218
79	219
79	231
79	237
79	240
79	241
79	244
79	247
79	248
79	53
79	258
79	263
79	281
79	285
79	290
79	291
79	300
79	347
79	352
79	113
79	278
79	303
79	335
79	271
79	324
79	250
79	277
80	5
80	6
80	25
80	29
80	34
80	36
80	38
80	45
80	50
80	55
80	57
80	58
80	59
80	61
80	63
80	66
80	68
80	69
80	70
80	86
80	89
80	90
80	91
80	92
80	93
80	94
80	99
80	100
80	102
80	104
80	110
80	115
80	117
80	126
80	129
80	130
80	133
80	148
80	149
80	156
80	161
80	164
80	8
80	33
80	138
80	171
80	173
80	174
80	182
80	189
80	192
80	196
80	203
80	207
80	210
80	213
80	214
80	216
80	218
80	223
80	231
80	237
80	240
80	241
80	244
80	247
80	249
80	53
80	219
80	258
80	263
80	264
80	280
80	281
80	285
80	290
80	291
80	347
80	352
80	113
80	278
80	303
80	271
80	324
80	334
80	250
80	277
80	335
80	332
81	33
81	36
81	38
81	48
81	49
81	84
81	85
81	86
81	87
81	92
81	99
81	100
81	102
81	103
81	104
81	115
81	117
81	129
81	148
81	156
81	164
81	173
81	174
81	182
81	192
81	199
81	203
81	205
81	207
81	214
81	216
81	218
81	237
81	240
81	209
81	241
81	263
81	290
81	319
81	351
81	113
81	153
81	244
81	278
81	324
81	334
81	277
82	33
82	36
82	38
82	48
82	49
82	63
82	84
82	85
82	86
82	87
82	92
82	99
82	100
82	102
82	103
82	104
82	115
82	117
82	129
82	148
82	156
82	164
82	173
82	174
82	182
82	192
82	199
82	203
82	205
82	207
82	214
82	216
82	218
82	237
82	240
82	161
82	209
82	241
82	263
82	290
82	319
82	351
82	113
82	153
82	244
82	278
82	324
82	334
82	277
83	13
83	14
83	15
83	18
83	19
83	28
83	31
83	34
83	36
83	38
83	43
83	64
83	92
83	97
83	99
83	102
83	104
83	115
83	117
83	129
83	130
83	156
83	163
83	164
83	16
83	29
83	98
83	119
83	168
83	173
83	174
83	175
83	182
83	189
83	193
83	197
83	203
83	206
83	207
83	211
83	213
83	214
83	216
83	218
83	231
83	237
83	241
83	244
83	210
83	263
83	282
83	290
83	297
83	332
83	314
83	343
83	239
83	253
83	257
83	348
83	279
83	143
83	270
84	18
84	19
84	31
84	34
84	36
84	38
84	45
84	64
84	65
84	92
84	97
84	99
84	102
84	104
84	115
84	117
84	130
84	143
84	156
84	161
84	164
84	48
84	98
84	114
84	129
84	168
84	173
84	174
84	175
84	182
84	185
84	189
84	203
84	207
84	211
84	213
84	214
84	216
84	218
84	228
84	237
84	241
84	253
84	263
84	283
84	290
84	332
84	119
84	282
84	314
84	37
85	18
85	19
85	31
85	34
85	36
85	38
85	45
85	63
85	64
85	65
85	92
85	97
85	99
85	102
85	104
85	115
85	117
85	130
85	143
85	156
85	161
85	164
85	129
85	168
85	173
85	174
85	182
85	189
85	203
85	207
85	211
85	213
85	214
85	216
85	218
85	228
85	237
85	241
85	253
85	259
85	263
85	269
85	290
85	332
85	98
85	283
85	282
85	314
85	37
86	6
86	29
86	32
86	34
86	36
86	38
86	45
86	55
86	57
86	58
86	59
86	61
86	62
86	70
86	92
86	99
86	102
86	104
86	117
86	130
86	156
86	164
86	21
86	50
86	64
86	122
86	127
86	173
86	174
86	182
86	195
86	196
86	203
86	207
86	213
86	214
86	216
86	218
86	219
86	227
86	237
86	240
86	250
86	168
86	252
86	258
86	263
86	290
86	291
86	333
86	352
86	324
86	346
86	254
86	255
86	256
86	231
87	6
87	29
87	32
87	34
87	36
87	38
87	45
87	55
87	57
87	58
87	59
87	61
87	62
87	63
87	70
87	92
87	99
87	102
87	104
87	117
87	130
87	156
87	164
87	127
87	173
87	174
87	182
87	196
87	203
87	207
87	213
87	214
87	216
87	218
87	219
87	237
87	240
87	250
87	168
87	258
87	263
87	290
87	291
87	329
87	352
87	324
87	227
87	231
88	1
88	34
88	50
88	72
88	85
88	87
88	92
88	99
88	102
88	103
88	104
88	106
88	107
88	117
88	120
88	124
88	126
88	139
88	151
88	153
88	156
88	164
88	7
88	8
88	9
88	114
88	122
88	168
88	173
88	174
88	182
88	188
88	189
88	192
88	202
88	203
88	207
88	212
88	213
88	214
88	216
88	218
88	223
88	237
88	241
88	53
88	91
88	240
88	259
88	262
88	263
88	269
88	286
88	290
88	317
88	325
88	351
88	70
88	157
88	247
88	254
88	255
88	256
88	220
88	184
89	1
89	34
89	50
89	63
89	72
89	85
89	87
89	92
89	99
89	102
89	103
89	104
89	106
89	107
89	117
89	120
89	124
89	126
89	139
89	151
89	153
89	156
89	164
89	7
89	8
89	9
89	168
89	173
89	174
89	182
89	188
89	189
89	192
89	202
89	203
89	207
89	213
89	214
89	216
89	218
89	223
89	237
89	241
89	53
89	70
89	91
89	240
89	249
89	259
89	262
89	263
89	264
89	269
89	280
89	290
89	317
89	351
89	157
89	247
89	220
89	335
90	33
90	36
90	38
90	43
90	48
90	55
90	57
90	58
90	59
90	61
90	62
90	92
90	99
90	100
90	102
90	104
90	110
90	115
90	117
90	120
90	128
90	129
90	153
90	156
90	161
90	164
90	103
90	112
90	173
90	174
90	182
90	196
90	203
90	207
90	213
90	214
90	216
90	218
90	229
90	237
90	240
90	250
90	258
90	263
90	290
90	291
90	333
90	352
90	334
90	341
90	350
90	41
90	56
91	36
91	38
91	48
91	55
91	57
91	58
91	59
91	61
91	62
91	63
91	92
91	99
91	100
91	102
91	104
91	110
91	115
91	117
91	120
91	128
91	129
91	131
91	153
91	156
91	161
91	164
91	173
91	174
91	182
91	196
91	203
91	207
91	213
91	214
91	216
91	218
91	237
91	240
91	250
91	191
91	258
91	259
91	263
91	290
91	291
91	352
91	324
91	334
91	56
92	72
92	85
92	87
92	92
92	94
92	95
92	99
92	101
92	102
92	104
92	109
92	117
92	120
92	122
92	138
92	149
92	153
92	156
92	164
92	114
92	168
92	171
92	173
92	174
92	180
92	182
92	192
92	194
92	195
92	202
92	203
92	207
92	212
92	213
92	214
92	216
92	218
92	237
92	240
92	241
92	244
92	247
92	188
92	259
92	261
92	263
92	269
92	285
92	288
92	289
92	290
92	310
92	7
92	8
92	9
92	196
92	253
92	271
92	282
92	50
92	220
92	123
92	184
93	72
93	85
93	87
93	92
93	94
93	95
93	99
93	101
93	102
93	104
93	109
93	117
93	120
93	122
93	138
93	149
93	153
93	156
93	164
93	168
93	171
93	173
93	174
93	180
93	182
93	192
93	194
93	202
93	203
93	207
93	212
93	213
93	214
93	216
93	218
93	237
93	240
93	241
93	244
93	247
93	188
93	259
93	263
93	269
93	285
93	289
93	290
93	325
93	261
93	7
93	8
93	9
93	196
93	253
93	271
93	282
93	220
94	5
94	25
94	34
94	36
94	38
94	63
94	66
94	68
94	69
94	70
94	72
94	85
94	87
94	92
94	94
94	95
94	99
94	101
94	102
94	104
94	109
94	117
94	118
94	120
94	122
94	130
94	138
94	149
94	153
94	156
94	164
94	7
94	8
94	9
94	29
94	168
94	171
94	173
94	174
94	180
94	182
94	192
94	194
94	202
94	203
94	207
94	212
94	213
94	214
94	216
94	218
94	223
94	237
94	240
94	241
94	244
94	247
94	249
94	188
94	259
94	263
94	264
94	269
94	280
94	285
94	289
94	290
94	325
94	261
94	196
94	253
94	271
94	282
94	220
94	272
95	20
95	21
95	33
95	34
95	36
95	38
95	70
95	88
95	89
95	90
95	91
95	92
95	99
95	102
95	103
95	104
95	106
95	117
95	120
95	130
95	153
95	156
95	157
95	164
95	29
95	46
95	173
95	174
95	175
95	182
95	189
95	201
95	203
95	207
95	213
95	214
95	216
95	218
95	231
95	237
95	241
95	249
95	259
95	263
95	269
95	290
95	317
95	328
95	335
95	244
95	225
95	111
95	205
95	300
95	350
95	239
95	246
95	267
96	1
96	5
96	25
96	29
96	34
96	36
96	38
96	50
96	66
96	68
96	69
96	86
96	92
96	93
96	94
96	95
96	96
96	99
96	100
96	102
96	104
96	115
96	117
96	118
96	130
96	138
96	139
96	148
96	149
96	156
96	161
96	164
96	7
96	8
96	9
96	112
96	113
96	171
96	173
96	174
96	182
96	192
96	203
96	207
96	213
96	214
96	216
96	218
96	223
96	237
96	240
96	241
96	244
96	247
96	248
96	168
96	219
96	259
96	263
96	264
96	269
96	272
96	274
96	280
96	285
96	289
96	290
96	347
96	60
96	260
96	278
96	271
96	324
96	67
96	277
97	1
97	5
97	25
97	29
97	34
97	36
97	38
97	50
97	63
97	66
97	68
97	69
97	86
97	92
97	93
97	94
97	95
97	96
97	99
97	100
97	102
97	104
97	115
97	117
97	118
97	130
97	138
97	139
97	148
97	149
97	156
97	161
97	164
97	7
97	8
97	9
97	171
97	173
97	174
97	182
97	192
97	203
97	207
97	213
97	214
97	216
97	218
97	223
97	237
97	240
97	241
97	244
97	247
97	248
97	113
97	168
97	219
97	259
97	263
97	264
97	269
97	280
97	285
97	289
97	290
97	347
97	60
97	278
97	271
97	324
97	67
97	272
97	277
98	11
98	12
98	14
98	15
98	23
98	34
98	36
98	38
98	43
98	55
98	57
98	58
98	59
98	61
98	70
98	92
98	99
98	102
98	104
98	106
98	117
98	145
98	152
98	156
98	164
98	21
98	91
98	114
98	133
98	168
98	173
98	174
98	175
98	182
98	189
98	196
98	203
98	207
98	210
98	213
98	214
98	216
98	218
98	237
98	240
98	249
98	250
98	258
98	263
98	282
98	290
98	291
98	317
98	341
98	352
98	157
98	206
98	232
98	246
98	280
98	300
98	321
98	276
98	334
98	97
99	11
99	12
99	14
99	15
99	23
99	34
99	36
99	38
99	43
99	55
99	57
99	58
99	59
99	61
99	63
99	70
99	92
99	99
99	102
99	104
99	106
99	117
99	145
99	152
99	156
99	164
99	168
99	173
99	174
99	182
99	189
99	196
99	203
99	207
99	210
99	213
99	214
99	216
99	218
99	237
99	240
99	249
99	250
99	91
99	258
99	263
99	290
99	291
99	317
99	341
99	352
99	175
99	232
99	21
99	157
99	206
99	280
99	300
99	246
99	276
99	282
99	334
100	33
100	36
100	49
100	85
100	86
100	87
100	92
100	99
100	100
100	102
100	103
100	104
100	113
100	115
100	117
100	120
100	129
100	148
100	153
100	156
100	164
100	29
100	173
100	174
100	182
100	192
100	203
100	205
100	207
100	214
100	216
100	218
100	237
100	240
100	243
100	168
100	209
100	259
100	263
100	268
100	269
100	290
100	351
100	324
100	277
101	33
101	36
101	49
101	63
101	85
101	86
101	87
101	92
101	99
101	100
101	102
101	103
101	104
101	113
101	115
101	117
101	120
101	129
101	130
101	148
101	153
101	156
101	164
101	29
101	173
101	174
101	182
101	192
101	203
101	205
101	207
101	214
101	216
101	218
101	237
101	240
101	243
101	168
101	209
101	259
101	263
101	268
101	269
101	290
101	351
101	324
101	277
102	36
102	38
102	73
102	76
102	77
102	78
102	79
102	92
102	94
102	95
102	99
102	100
102	102
102	104
102	115
102	117
102	120
102	121
102	140
102	149
102	153
102	156
102	164
102	70
102	72
102	93
102	138
102	148
102	168
102	171
102	173
102	174
102	182
102	188
102	202
102	203
102	205
102	207
102	213
102	214
102	216
102	218
102	235
102	236
102	237
102	241
102	244
102	246
102	113
102	253
102	263
102	275
102	285
102	290
102	331
102	14
102	267
102	335
102	326
102	157
103	23
103	36
103	38
103	63
103	70
103	72
103	76
103	92
103	94
103	95
103	99
103	100
103	102
103	104
103	115
103	117
103	120
103	121
103	140
103	149
103	153
103	156
103	164
103	29
103	93
103	138
103	148
103	168
103	171
103	173
103	174
103	182
103	188
103	202
103	203
103	205
103	207
103	213
103	214
103	216
103	218
103	237
103	241
103	244
103	113
103	263
103	285
103	290
103	331
103	14
103	235
103	246
103	67
103	335
103	157
103	267
104	5
104	25
104	34
104	36
104	37
104	38
104	43
104	45
104	55
104	58
104	59
104	61
104	66
104	68
104	69
104	70
104	89
104	90
104	91
104	92
104	99
104	102
104	104
104	116
104	117
104	125
104	126
104	130
104	155
104	156
104	164
104	29
104	39
104	7
104	9
104	103
104	157
104	168
104	173
104	174
104	182
104	187
104	189
104	195
104	196
104	197
104	198
104	201
104	203
104	206
104	207
104	213
104	214
104	216
104	218
104	223
104	231
104	237
104	241
104	246
104	249
104	14
104	53
104	263
104	264
104	280
104	290
104	317
104	332
104	24
104	283
104	210
104	253
104	282
104	334
104	67
105	5
105	25
105	34
105	36
105	37
105	38
105	43
105	45
105	55
105	58
105	59
105	61
105	63
105	66
105	68
105	69
105	70
105	89
105	90
105	91
105	92
105	99
105	102
105	104
105	116
105	117
105	125
105	126
105	130
105	155
105	156
105	164
105	29
105	39
105	7
105	9
105	168
105	173
105	174
105	182
105	189
105	196
105	197
105	198
105	201
105	203
105	206
105	207
105	213
105	214
105	216
105	218
105	223
105	231
105	237
105	241
105	249
105	53
105	263
105	264
105	280
105	290
105	317
105	332
105	14
105	157
105	283
105	200
105	210
105	253
105	282
105	334
105	67
106	5
106	24
106	25
106	26
106	27
106	34
106	36
106	38
106	66
106	68
106	69
106	70
106	92
106	96
106	99
106	102
106	104
106	116
106	117
106	118
106	129
106	130
106	136
106	156
106	164
106	29
106	168
106	170
106	173
106	174
106	179
106	182
106	189
106	193
106	197
106	203
106	207
106	213
106	214
106	216
106	218
106	223
106	237
106	241
106	249
106	89
106	240
106	263
106	264
106	279
106	280
106	290
106	317
106	339
106	157
106	299
106	270
106	276
106	282
106	340
106	67
106	272
106	343
107	4
107	5
107	7
107	8
107	9
107	25
107	34
107	36
107	38
107	66
107	68
107	69
107	70
107	92
107	97
107	99
107	102
107	104
107	117
107	118
107	129
107	130
107	156
107	164
107	29
107	168
107	173
107	174
107	182
107	183
107	189
107	197
107	203
107	207
107	213
107	214
107	216
107	218
107	223
107	228
107	237
107	241
107	249
107	89
107	240
107	263
107	264
107	279
107	280
107	290
107	317
107	327
107	339
107	157
107	270
107	67
107	272
107	343
108	5
108	14
108	15
108	21
108	23
108	25
108	34
108	35
108	36
108	38
108	48
108	50
108	55
108	57
108	58
108	59
108	61
108	63
108	66
108	68
108	69
108	70
108	85
108	87
108	89
108	90
108	92
108	99
108	102
108	103
108	104
108	111
108	117
108	126
108	130
108	156
108	164
108	7
108	8
108	9
108	29
108	122
108	138
108	168
108	171
108	173
108	174
108	182
108	187
108	189
108	196
108	201
108	203
108	205
108	207
108	213
108	214
108	216
108	218
108	222
108	223
108	231
108	237
108	240
108	241
108	244
108	247
108	249
108	53
108	76
108	91
108	263
108	264
108	265
108	280
108	282
108	287
108	290
108	317
108	351
108	352
108	157
108	133
108	250
108	330
108	20
109	33
109	85
109	87
109	92
109	99
109	102
109	104
109	108
109	114
109	117
109	120
109	123
109	124
109	126
109	153
109	156
109	164
109	60
109	103
109	139
109	149
109	168
109	173
109	174
109	182
109	188
109	192
109	194
109	203
109	205
109	207
109	213
109	214
109	216
109	218
109	220
109	237
109	241
109	53
109	148
109	240
109	247
109	259
109	261
109	262
109	263
109	269
109	290
109	351
109	180
109	288
109	253
109	254
109	255
109	256
110	33
110	63
110	85
110	87
110	92
110	99
110	102
110	104
110	108
110	114
110	117
110	120
110	123
110	124
110	126
110	153
110	156
110	164
110	139
110	168
110	173
110	174
110	182
110	188
110	192
110	194
110	203
110	205
110	207
110	213
110	214
110	216
110	218
110	237
110	241
110	53
110	148
110	240
110	247
110	259
110	262
110	263
110	269
110	290
110	351
110	261
110	180
110	253
110	220
111	23
111	30
111	31
111	32
111	34
111	36
111	38
111	39
111	43
111	70
111	85
111	87
111	89
111	90
111	91
111	92
111	99
111	102
111	104
111	117
111	126
111	130
111	156
111	157
111	164
111	29
111	37
111	46
111	59
111	68
111	173
111	174
111	179
111	182
111	184
111	189
111	192
111	196
111	201
111	203
111	205
111	207
111	213
111	214
111	216
111	218
111	222
111	228
111	231
111	237
111	241
111	242
111	249
111	53
111	58
111	14
111	168
111	224
111	240
111	263
111	290
111	306
111	317
111	350
111	351
111	180
111	246
111	253
111	276
111	283
112	5
112	6
112	23
112	25
112	30
112	31
112	32
112	34
112	36
112	38
112	39
112	43
112	55
112	57
112	58
112	59
112	61
112	63
112	66
112	68
112	69
112	70
112	85
112	87
112	89
112	90
112	91
112	92
112	99
112	102
112	104
112	117
112	126
112	130
112	156
112	157
112	164
112	7
112	9
112	29
112	46
112	173
112	174
112	182
112	184
112	189
112	192
112	196
112	201
112	203
112	205
112	207
112	210
112	213
112	214
112	216
112	218
112	223
112	231
112	237
112	241
112	249
112	53
112	15
112	168
112	224
112	240
112	263
112	264
112	280
112	290
112	317
112	350
112	351
112	14
112	8
112	180
112	200
112	246
112	253
112	276
112	283
112	250
112	335
113	1
113	3
113	5
113	25
113	34
113	36
113	38
113	45
113	47
113	55
113	58
113	59
113	61
113	63
113	66
113	68
113	69
113	70
113	76
113	85
113	86
113	87
113	92
113	94
113	99
113	100
113	102
113	104
113	107
113	111
113	113
113	115
113	117
113	118
113	121
113	126
113	130
113	135
113	148
113	149
113	156
113	161
113	164
113	39
113	29
113	138
113	173
113	174
113	182
113	189
113	192
113	196
113	201
113	203
113	205
113	207
113	213
113	214
113	215
113	216
113	217
113	218
113	223
113	231
113	237
113	240
113	241
113	244
113	247
113	249
113	53
113	89
113	219
113	258
113	263
113	264
113	280
113	285
113	287
113	289
113	290
113	312
113	317
113	347
113	351
113	352
113	157
113	270
113	278
113	7
113	8
113	9
113	283
113	304
113	343
114	14
114	15
114	20
114	21
114	34
114	36
114	38
114	63
114	71
114	72
114	74
114	76
114	77
114	78
114	79
114	92
114	99
114	102
114	104
114	117
114	130
114	132
114	156
114	164
114	22
114	29
114	93
114	115
114	133
114	148
114	168
114	173
114	174
114	175
114	182
114	188
114	202
114	203
114	207
114	213
114	214
114	216
114	218
114	230
114	237
114	241
114	244
114	73
114	249
114	263
114	267
114	275
114	290
114	321
114	331
114	246
114	282
114	283
114	351
114	235
114	220
115	4
115	5
115	25
115	34
115	36
115	38
115	39
115	43
115	44
115	55
115	57
115	58
115	59
115	61
115	63
115	66
115	68
115	69
115	70
115	85
115	87
115	89
115	90
115	92
115	99
115	102
115	104
115	117
115	126
115	130
115	146
115	156
115	157
115	164
115	7
115	8
115	9
115	23
115	29
115	46
115	50
115	116
115	173
115	174
115	179
115	182
115	189
115	192
115	193
115	196
115	201
115	203
115	207
115	210
115	213
115	214
115	216
115	218
115	219
115	223
115	231
115	237
115	240
115	241
115	247
115	249
115	53
115	15
115	76
115	91
115	168
115	252
115	258
115	263
115	264
115	280
115	290
115	306
115	317
115	332
115	351
115	352
115	200
115	242
115	283
115	180
115	253
115	270
115	67
115	250
115	343
116	36
116	38
116	43
116	55
116	56
116	57
116	58
116	59
116	61
116	92
116	97
116	99
116	102
116	104
116	108
116	117
116	129
116	130
116	145
116	156
116	164
116	29
116	50
116	62
116	82
116	127
116	150
116	173
116	174
116	175
116	182
116	190
116	196
116	203
116	207
116	213
116	214
116	216
116	218
116	225
116	237
116	239
116	240
116	250
116	258
116	263
116	290
116	291
116	349
116	352
116	116
116	324
116	200
116	340
116	13
116	330
117	36
117	38
117	43
117	55
117	56
117	57
117	58
117	59
117	61
117	63
117	92
117	97
117	99
117	102
117	104
117	108
117	117
117	129
117	130
117	145
117	156
117	164
117	29
117	127
117	173
117	174
117	182
117	196
117	203
117	207
117	213
117	214
117	216
117	218
117	225
117	237
117	239
117	240
117	250
117	258
117	263
117	290
117	291
117	349
117	352
117	116
117	200
117	324
117	340
118	30
118	31
118	32
118	36
118	38
118	39
118	48
118	55
118	57
118	58
118	59
118	61
118	64
118	92
118	97
118	99
118	102
118	104
118	117
118	127
118	129
118	130
118	156
118	164
118	56
118	60
118	114
118	173
118	174
118	175
118	182
118	196
118	203
118	207
118	213
118	214
118	216
118	218
118	237
118	240
118	258
118	263
118	290
118	291
118	300
118	346
118	352
118	224
118	189
118	210
118	282
118	340
118	34
118	250
118	324
118	341
119	30
119	31
119	32
119	36
119	38
119	39
119	48
119	55
119	57
119	58
119	59
119	61
119	63
119	64
119	92
119	97
119	99
119	102
119	104
119	117
119	127
119	129
119	130
119	156
119	164
119	173
119	174
119	175
119	182
119	196
119	203
119	207
119	213
119	214
119	216
119	218
119	237
119	240
119	258
119	263
119	290
119	291
119	346
119	352
119	224
119	189
119	210
119	282
119	340
119	250
119	324
120	33
120	36
120	38
120	55
120	56
120	57
120	58
120	59
120	61
120	85
120	86
120	87
120	92
120	94
120	99
120	100
120	102
120	104
120	105
120	106
120	107
120	113
120	115
120	117
120	129
120	130
120	148
120	149
120	156
120	161
120	164
120	48
120	62
120	112
120	127
120	173
120	174
120	182
120	192
120	196
120	203
120	207
120	213
120	214
120	216
120	218
120	229
120	237
120	240
120	244
120	250
120	258
120	263
120	290
120	291
120	293
120	322
120	352
120	278
120	205
120	239
120	324
120	220
120	277
121	33
121	36
121	38
121	55
121	57
121	58
121	59
121	61
121	63
121	85
121	86
121	87
121	92
121	94
121	99
121	100
121	102
121	104
121	106
121	115
121	117
121	129
121	130
121	148
121	149
121	156
121	161
121	164
121	105
121	109
121	127
121	138
121	171
121	173
121	174
121	182
121	192
121	196
121	203
121	207
121	213
121	214
121	216
121	218
121	229
121	237
121	240
121	244
121	250
121	113
121	258
121	263
121	285
121	290
121	291
121	352
121	278
121	205
121	239
121	271
121	324
121	220
121	277
121	56
122	3
122	5
122	25
122	34
122	36
122	38
122	63
122	66
122	68
122	69
122	76
122	85
122	86
122	87
122	92
122	93
122	94
122	96
122	99
122	100
122	102
122	104
122	112
122	113
122	115
122	117
122	118
122	130
122	148
122	149
122	156
122	164
122	7
122	8
122	9
122	29
122	60
122	95
122	138
122	168
122	171
122	173
122	174
122	182
122	189
122	192
122	203
122	207
122	213
122	214
122	216
122	218
122	219
122	223
122	226
122	227
122	237
122	241
122	244
122	247
122	248
122	240
122	252
122	259
122	263
122	264
122	269
122	271
122	272
122	278
122	280
122	285
122	289
122	290
122	347
122	351
122	345
122	109
122	298
122	332
122	270
122	324
122	334
122	277
122	196
122	343
123	14
123	15
123	36
123	38
123	43
123	63
123	92
123	97
123	98
123	99
123	102
123	104
123	116
123	117
123	129
123	130
123	156
123	163
123	164
123	17
123	13
123	29
123	68
123	113
123	168
123	173
123	174
123	179
123	182
123	197
123	203
123	206
123	207
123	210
123	211
123	213
123	214
123	216
123	218
123	219
123	226
123	228
123	237
123	241
123	249
123	240
123	263
123	290
123	318
123	332
123	280
123	282
124	1
124	3
124	5
124	8
124	25
124	34
124	36
124	37
124	38
124	55
124	58
124	59
124	61
124	63
124	66
124	68
124	69
124	92
124	94
124	99
124	100
124	102
124	104
124	115
124	117
124	118
124	122
124	130
124	142
124	149
124	156
124	164
124	29
124	138
124	168
124	171
124	173
124	174
124	181
124	182
124	189
124	195
124	196
124	203
124	207
124	212
124	213
124	214
124	216
124	218
124	223
124	230
124	237
124	240
124	244
124	247
124	113
124	148
124	258
124	259
124	263
124	264
124	269
124	280
124	285
124	290
124	313
124	347
124	352
124	278
124	270
124	271
124	324
124	215
124	272
124	277
124	304
124	343
125	5
125	9
125	25
125	34
125	36
125	38
125	43
125	63
125	66
125	68
125	69
125	70
125	84
125	85
125	86
125	87
125	92
125	94
125	98
125	99
125	100
125	102
125	103
125	104
125	113
125	115
125	117
125	118
125	129
125	130
125	148
125	149
125	156
125	164
125	7
125	8
125	29
125	168
125	173
125	174
125	182
125	189
125	192
125	197
125	203
125	207
125	213
125	214
125	216
125	218
125	223
125	231
125	237
125	240
125	249
125	263
125	264
125	280
125	290
125	351
125	67
125	270
125	324
125	343
126	5
126	7
126	25
126	34
126	36
126	38
126	43
126	52
126	53
126	63
126	66
126	68
126	69
126	70
126	92
126	94
126	99
126	100
126	102
126	104
126	108
126	109
126	117
126	118
126	123
126	126
126	130
126	149
126	156
126	164
126	9
126	29
126	168
126	173
126	174
126	182
126	189
126	197
126	203
126	207
126	213
126	214
126	216
126	218
126	223
126	231
126	237
126	241
126	249
126	263
126	264
126	280
126	290
126	83
126	185
126	261
126	315
126	257
126	270
126	67
126	343
127	11
127	12
127	14
127	15
127	34
127	36
127	38
127	63
127	66
127	69
127	70
127	92
127	99
127	102
127	104
127	106
127	116
127	117
127	156
127	163
127	164
127	20
127	29
127	31
127	168
127	173
127	174
127	175
127	182
127	203
127	207
127	210
127	213
127	214
127	216
127	218
127	237
127	241
127	249
127	89
127	91
127	185
127	206
127	240
127	263
127	264
127	279
127	280
127	290
127	317
127	339
127	157
127	37
127	98
127	233
127	276
127	282
127	334
127	81
128	23
128	32
128	33
128	34
128	36
128	38
128	39
128	43
128	58
128	59
128	63
128	70
128	85
128	87
128	89
128	90
128	92
128	99
128	102
128	104
128	117
128	126
128	130
128	156
128	164
128	29
128	30
128	37
128	57
128	173
128	174
128	182
128	184
128	192
128	196
128	203
128	207
128	213
128	214
128	216
128	218
128	228
128	231
128	237
128	241
128	249
128	53
128	76
128	201
128	240
128	263
128	290
128	317
128	351
128	352
128	157
128	180
128	200
128	253
128	270
128	283
128	250
128	272
129	33
129	150
129	175
129	340
130	34
130	36
130	38
130	43
130	44
130	55
130	56
130	57
130	58
130	59
130	61
130	63
130	70
130	82
130	85
130	87
130	92
130	99
130	102
130	104
130	115
130	117
130	126
130	130
130	156
130	164
130	33
130	29
130	37
130	46
130	127
130	173
130	174
130	182
130	192
130	196
130	201
130	203
130	207
130	213
130	214
130	216
130	218
130	225
130	237
130	239
130	240
130	249
130	250
130	53
130	89
130	258
130	259
130	263
130	269
130	290
130	291
130	349
130	352
130	86
130	180
130	200
130	253
130	340
130	231
131	32
131	34
131	36
131	38
131	45
131	47
131	54
131	55
131	56
131	57
131	58
131	59
131	61
131	63
131	70
131	76
131	82
131	85
131	87
131	92
131	94
131	99
131	102
131	104
131	109
131	115
131	117
131	130
131	149
131	156
131	164
131	29
131	62
131	138
131	171
131	173
131	174
131	182
131	192
131	193
131	195
131	196
131	203
131	207
131	213
131	214
131	216
131	218
131	219
131	225
131	231
131	237
131	240
131	249
131	250
131	46
131	127
131	258
131	263
131	287
131	290
131	291
131	321
131	329
131	349
131	351
131	352
131	90
131	246
131	200
131	324
131	215
131	335
131	248
131	304
132	144
133	28
133	33
133	34
133	36
133	38
133	39
133	44
133	92
133	98
133	99
133	102
133	104
133	115
133	117
133	129
133	130
133	156
133	164
133	45
133	116
133	29
133	173
133	174
133	175
133	182
133	189
133	197
133	203
133	204
133	207
133	213
133	214
133	216
133	218
133	231
133	237
133	240
133	241
133	247
133	226
133	91
133	263
133	270
133	273
133	290
133	321
133	281
133	313
133	343
133	215
133	304
133	287
134	28
134	33
134	34
134	36
134	38
134	39
134	44
134	54
134	55
134	56
134	57
134	58
134	59
134	61
134	63
134	92
134	98
134	99
134	102
134	104
134	114
134	115
134	117
134	129
134	130
134	151
134	156
134	164
134	62
134	29
134	46
134	127
134	173
134	174
134	182
134	189
134	196
134	197
134	203
134	207
134	213
134	214
134	216
134	218
134	231
134	237
134	240
134	241
134	247
134	250
134	91
134	258
134	263
134	270
134	290
134	291
134	352
134	70
134	249
134	324
134	330
134	215
134	304
134	343
135	24
135	28
135	33
135	34
135	36
135	38
135	39
135	42
135	63
135	84
135	85
135	86
135	87
135	92
135	97
135	98
135	99
135	102
135	104
135	115
135	117
135	129
135	130
135	148
135	156
135	164
135	29
135	46
135	173
135	174
135	182
135	189
135	192
135	197
135	203
135	207
135	213
135	214
135	216
135	218
135	231
135	237
135	240
135	241
135	247
135	91
135	263
135	270
135	290
135	351
135	70
135	113
135	249
135	324
135	215
135	304
135	343
136	28
136	33
136	34
136	36
136	38
136	39
136	43
136	44
136	52
136	53
136	63
136	83
136	92
136	98
136	99
136	102
136	104
136	115
136	117
136	126
136	129
136	130
136	156
136	164
136	123
136	29
136	46
136	173
136	174
136	182
136	189
136	192
136	197
136	203
136	207
136	213
136	214
136	216
136	218
136	231
136	237
136	240
136	241
136	247
136	91
136	263
136	270
136	290
136	315
136	70
136	184
136	249
136	261
136	257
136	276
136	215
136	304
136	343
137	33
137	36
137	38
137	58
137	59
137	60
137	63
137	85
137	86
137	87
137	92
137	94
137	97
137	99
137	100
137	102
137	104
137	105
137	115
137	117
137	129
137	130
137	148
137	149
137	156
137	159
137	160
137	161
137	164
137	138
137	168
137	171
137	173
137	174
137	176
137	182
137	192
137	196
137	199
137	203
137	207
137	214
137	216
137	218
137	231
137	237
137	240
137	241
137	244
137	76
137	247
137	263
137	278
137	290
137	332
137	351
137	277
137	324
137	271
137	220
138	30
138	34
138	36
138	38
138	43
138	55
138	56
138	57
138	58
138	59
138	61
138	92
138	99
138	102
138	104
138	110
138	115
138	117
138	131
138	156
138	164
138	21
138	29
138	44
138	48
138	62
138	114
138	132
138	168
138	173
138	174
138	182
138	196
138	201
138	203
138	205
138	207
138	213
138	214
138	216
138	218
138	237
138	240
138	246
138	249
138	250
138	127
138	157
138	191
138	258
138	263
138	290
138	291
138	317
138	321
138	341
138	352
138	282
138	350
138	334
138	330
138	20
139	30
139	32
139	34
139	36
139	38
139	43
139	55
139	56
139	57
139	58
139	59
139	61
139	63
139	66
139	69
139	92
139	99
139	102
139	104
139	110
139	115
139	117
139	130
139	131
139	156
139	164
139	29
139	44
139	132
139	168
139	173
139	174
139	182
139	196
139	201
139	203
139	205
139	207
139	213
139	214
139	216
139	218
139	237
139	240
139	246
139	249
139	250
139	127
139	258
139	263
139	290
139	291
139	317
139	321
139	341
139	352
139	157
139	350
139	282
139	334
139	20
140	10
140	34
140	36
140	38
140	43
140	55
140	56
140	57
140	58
140	59
140	61
140	71
140	92
140	99
140	102
140	104
140	106
140	115
140	117
140	156
140	163
140	164
140	28
140	62
140	72
140	91
140	168
140	173
140	174
140	175
140	182
140	196
140	201
140	202
140	203
140	205
140	207
140	213
140	214
140	216
140	218
140	229
140	237
140	240
140	246
140	249
140	109
140	127
140	258
140	263
140	282
140	290
140	317
140	319
140	332
140	341
140	352
140	157
140	103
140	189
140	334
140	250
140	193
141	10
141	13
141	14
141	25
141	34
141	36
141	38
141	43
141	55
141	56
141	57
141	58
141	59
141	61
141	63
141	66
141	69
141	71
141	92
141	99
141	102
141	104
141	106
141	115
141	117
141	130
141	156
141	163
141	164
141	15
141	28
141	29
141	72
141	168
141	173
141	174
141	182
141	196
141	201
141	202
141	203
141	205
141	207
141	210
141	213
141	214
141	216
141	218
141	237
141	240
141	246
141	249
141	250
141	91
141	127
141	258
141	263
141	280
141	290
141	291
141	317
141	319
141	332
141	341
141	352
141	157
141	189
141	276
141	282
141	334
141	67
141	267
142	13
142	17
142	18
142	19
142	36
142	38
142	44
142	48
142	63
142	82
142	92
142	97
142	99
142	102
142	104
142	115
142	117
142	126
142	129
142	143
142	156
142	164
142	29
142	46
142	89
142	173
142	174
142	182
142	184
142	193
142	197
142	201
142	203
142	207
142	211
142	213
142	214
142	216
142	218
142	225
142	228
142	231
142	237
142	240
142	246
142	249
142	53
142	70
142	168
142	241
142	259
142	263
142	269
142	290
142	317
142	332
142	337
142	157
142	242
142	239
142	257
142	314
143	5
143	6
143	25
143	29
143	34
143	36
143	38
143	55
143	57
143	58
143	59
143	61
143	63
143	66
143	68
143	69
143	70
143	76
143	85
143	87
143	89
143	90
143	92
143	94
143	99
143	102
143	104
143	106
143	115
143	117
143	118
143	120
143	126
143	130
143	133
143	149
143	156
143	157
143	164
143	7
143	8
143	9
143	33
143	111
143	122
143	173
143	174
143	182
143	187
143	189
143	192
143	196
143	201
143	203
143	204
143	205
143	207
143	213
143	214
143	216
143	218
143	223
143	237
143	240
143	241
143	244
143	247
143	249
143	53
143	263
143	264
143	280
143	281
143	290
143	317
143	335
143	343
143	351
143	352
143	18
143	228
143	242
143	278
143	200
143	276
143	250
143	304
144	13
144	18
144	19
144	36
144	38
144	54
144	55
144	58
144	59
144	61
144	63
144	64
144	92
144	97
144	99
144	102
144	104
144	115
144	117
144	129
144	143
144	156
144	164
144	16
144	46
144	170
144	173
144	174
144	181
144	182
144	189
144	196
144	197
144	201
144	203
144	207
144	211
144	214
144	216
144	218
144	237
144	240
144	241
144	249
144	258
144	263
144	290
144	329
144	332
144	352
144	246
144	239
144	314
144	324
145	13
145	18
145	19
145	36
145	38
145	63
145	65
145	84
145	85
145	86
145	87
145	92
145	97
145	99
145	102
145	104
145	113
145	115
145	117
145	129
145	143
145	148
145	156
145	164
145	46
145	64
145	173
145	174
145	182
145	189
145	192
145	197
145	201
145	203
145	207
145	211
145	214
145	216
145	218
145	237
145	240
145	241
145	249
145	263
145	268
145	290
145	332
145	351
145	246
145	239
145	257
145	314
145	324
146	13
146	18
146	19
146	36
146	38
146	43
146	63
146	64
146	83
146	92
146	97
146	99
146	102
146	104
146	115
146	117
146	126
146	129
146	143
146	156
146	164
146	17
146	46
146	52
146	53
146	173
146	174
146	182
146	189
146	197
146	201
146	203
146	207
146	211
146	214
146	216
146	218
146	219
146	237
146	240
146	241
146	249
146	257
146	263
146	290
146	315
146	332
146	76
146	246
146	261
146	239
146	314
147	21
147	34
147	35
147	36
147	38
147	43
147	55
147	57
147	58
147	59
147	61
147	63
147	82
147	85
147	86
147	87
147	92
147	97
147	99
147	102
147	104
147	115
147	117
147	126
147	129
147	130
147	156
147	164
147	29
147	48
147	54
147	113
147	114
147	127
147	173
147	174
147	182
147	192
147	196
147	197
147	200
147	203
147	207
147	213
147	214
147	216
147	218
147	219
147	225
147	231
147	237
147	239
147	240
147	53
147	241
147	258
147	263
147	290
147	349
147	351
147	352
147	245
147	250
147	20
148	21
148	32
148	34
148	35
148	36
148	38
148	43
148	55
148	57
148	58
148	59
148	61
148	63
148	82
148	85
148	86
148	87
148	92
148	97
148	99
148	102
148	104
148	115
148	117
148	126
148	129
148	130
148	156
148	164
148	29
148	127
148	173
148	174
148	182
148	192
148	196
148	197
148	200
148	203
148	207
148	213
148	214
148	216
148	218
148	219
148	225
148	231
148	237
148	239
148	240
148	53
148	241
148	258
148	263
148	290
148	351
148	352
148	349
148	250
148	113
148	20
149	13
149	21
149	32
149	34
149	35
149	36
149	38
149	43
149	55
149	57
149	58
149	59
149	61
149	63
149	70
149	82
149	85
149	86
149	87
149	92
149	97
149	99
149	102
149	104
149	115
149	117
149	126
149	129
149	130
149	156
149	164
149	7
149	8
149	9
149	17
149	19
149	29
149	127
149	173
149	174
149	182
149	189
149	192
149	196
149	197
149	200
149	201
149	203
149	207
149	210
149	211
149	213
149	214
149	216
149	218
149	219
149	223
149	225
149	231
149	237
149	239
149	240
149	249
149	250
149	53
149	15
149	46
149	89
149	241
149	258
149	263
149	264
149	280
149	290
149	291
149	317
149	332
149	337
149	351
149	352
149	157
149	349
149	257
149	276
149	314
149	113
149	20
150	5
150	6
150	25
150	34
150	36
150	38
150	50
150	54
150	55
150	58
150	59
150	61
150	63
150	66
150	68
150	69
150	70
150	76
150	85
150	86
150	87
150	92
150	93
150	94
150	99
150	100
150	102
150	104
150	105
150	112
150	115
150	117
150	118
150	120
150	126
150	129
150	130
150	133
150	148
150	149
150	156
150	161
150	164
150	7
150	8
150	9
150	29
150	138
150	171
150	173
150	174
150	182
150	189
150	192
150	196
150	197
150	203
150	207
150	214
150	216
150	218
150	219
150	223
150	231
150	237
150	240
150	241
150	244
150	247
150	248
150	249
150	53
150	89
150	113
150	201
150	258
150	259
150	263
150	264
150	269
150	280
150	285
150	289
150	290
150	317
150	332
150	339
150	347
150	351
150	352
150	157
150	261
150	278
150	271
150	324
150	67
150	272
150	277
151	1
151	5
151	6
151	13
151	14
151	15
151	18
151	19
151	25
151	32
151	34
151	36
151	38
151	55
151	57
151	58
151	59
151	61
151	63
151	66
151	68
151	69
151	70
151	72
151	76
151	82
151	85
151	86
151	87
151	89
151	90
151	91
151	92
151	94
151	99
151	100
151	102
151	104
151	115
151	117
151	118
151	120
151	121
151	126
151	129
151	130
151	135
151	138
151	143
151	144
151	148
151	149
151	153
151	156
151	157
151	161
151	164
151	7
151	8
151	9
151	29
151	46
151	111
151	127
151	168
151	171
151	173
151	174
151	182
151	188
151	189
151	192
151	196
151	197
151	201
151	202
151	203
151	205
151	207
151	210
151	211
151	213
151	214
151	216
151	218
151	223
151	225
151	230
151	231
151	237
151	240
151	241
151	244
151	246
151	247
151	249
151	250
151	53
151	113
151	219
151	258
151	259
151	263
151	264
151	269
151	280
151	285
151	289
151	290
151	291
151	315
151	317
151	331
151	332
151	337
151	339
151	347
151	351
151	352
151	112
151	133
151	206
151	226
151	261
151	278
151	318
151	180
151	200
151	235
151	239
151	253
151	257
151	270
151	271
151	276
151	282
151	283
151	314
151	324
151	334
151	340
151	67
151	81
151	162
151	215
151	220
151	272
151	277
151	335
151	95
151	101
151	185
151	252
151	20
151	304
151	343
151	267
